$ANSIBLE_VAULT;1.1;AES256
36353835643035626165333561373232303134346663643662316238396338303966343933383664
3334356461313638373566316365666537623238613066640a393233306535393661656239356534
61663536343031653931323835656666336664636464353839643263353766333031396564656530
3934383763353330630a336434626135333838313939633739343037393635313639666438626535
38643966396534613066646236633836623533663232646162643836323166343166643635633331
33353239356261333064376563323130623832366363656631613835363065356665653264663366
61626533313265366438656637323636393135633663396439666334356663616233623838373538
36643564366532343731386262333262626439336663623164623131623133663766326635393663
34333464333135303465393334393032383638363038383563316365323836626464343766383761
32623935393131363731663038343134653463623138386466623965353061313938353630323835
31393262366562303766386466613864356230393332346336343063653462363764326230373964
33356636336334373036303733376332316266383330383761306534613239333838666335373062
30643563353036346264653232313738636237323065306131666432623166333363613430353133
63356438356238303861326663393832313036323536313162333531626266376638386235666535
31366437353036653366656434376464613734376335303138643161313232386266336261653261
36313337356432333764613966373563396633616665663466396465356535643438396363333462
39383037663437396563326131303735303830633631306365333339393361363963646362383639
61373266316130363931653334363339633739313039316436633430306332643830653364303830
33373337613734643036383964653033346630626366613539666662663563346261646336666163
64383431333761393864323034343130643263326535656165633062366432613936303365643461
62333930656361653737313332376631396337323763383830636665313739323461663266363635
37323430663561303934313562643364383334396433643533366137653335623333333336636264
36623834383937383866313437323435633039303064363162336265643531663935353533343862
33383236636463363839666665666635643063303430333631346334366264363363303033353963
63343166366431326336346537343861333330313365626434326132396134643066346631623836
65333132383738613232663739393931356436323661343561663565363136653836333833663839
65643966386263353038653039373638316139386235656434356466633532303132306665336436
34383464383834316634663661316630666335383831336138313263383166613362663639633061
38343162386338323237313339313961623930313437613235386633623866633834616637313335
39656464636266373466313163323139636436303136613437666433656266663162313837383432
36306533666332376136363266316637633037326333626438663936383139376332396265323565
66616466666437623165303238656536303666303563313466663138373963663636626466333132
33313939666338356534313334356562623533383033633039383631396564613163656232383162
62383663353736636231353439313632306239333339303761616535623137636132383038653538
66643933633535306164396465366531396334303830383137633462306334626138623939653866
64373536663930353034313937316662353039333336393864333133656264373563626162383531
66636562613163333265396566386437343563373430653738363931333363383432383233363535
30663061373136343832386164303565393038623766626237666639353237326336306538643863
36386538343732333165613331363434343966323937343530613937313866653839323063396466
33323164623330303537306132633534313466333065303464636435663166323932346337663138
38646339643161383062656163303564323933643332356437333631663862333765333939653366
64666336633931656530663263613939333766373965666566353262663036616666386161623066
62306230316632613362373333373338356461373132343230303566653266313030313561356464
64373334656362376532663332636139653066643063333139643132356432626138636664363263
31326164613564353939303333613263626337633734366434313461663762343731626438316434
62313466363238313931623435336138623633316566356531356664646239663162306164366233
34613961646238343832326462356530336638633765653337393339623363393661356665326464
31353231396437653734373361333338373561353333356363333433326239623932616137363262
63663335383632346232343135356432313666383863626563613439643666663865
